N_con <- 2
N_s <- 28
N_b <- 
c(3, 3)
N_t <- 5
N_g <- 50
N_tot <- 1400
raw <- 
c(5, 8, 1, 4, 10, 6, 5, 2, 6, 7, 2, 14, 3, 9, 2, 24, 3, 4, 5, 9, 2, 10, 14, 9, 8, 1, 4, 7, 14, 13, 3, 5, 4, 14,
14, 2, 2, 3, 17, 22, 7, 6, 18, 25, 4, 2, 15, 4, 1, 4, 10, 15, 11, 4, 3, 7, 7, 12, 1, 5, 4, 6, 8, 1, 0, 3, 8, 23, 1, 2, 9,
16, 1, 1, 10, 5, 1, 3, 6, 12, 10, 1, 2, 6, 67, 33, 6, 4, 3, 98, 31, 6, 7, 7, 135, 53, 9, 9, 182, 41, 4, 12, 118, 6, 3, 4,
16, 146, 19, 9, 5, 12, 1469, 763, 182, 157, 236, 1734, 596, 168, 143, 277, 959, 884, 238, 210, 818, 1044, 181, 223, 1444,
497, 158, 127, 324, 1886, 458, 150, 165, 275, 486, 177, 37, 48, 59, 592, 177, 53, 50, 74, 595, 188, 65, 70, 623, 304, 64,
67, 571, 73, 42, 29, 123, 829, 127, 54, 54, 90, 477, 352, 85, 100, 120, 1101, 346, 92, 69, 112, 776, 373, 102, 133, 768,
722, 100, 114, 516, 222, 83, 73, 207, 953, 325, 77, 98, 145, 427, 227, 29, 25, 39, 428, 228, 35, 29, 37, 142, 349, 38, 33,
205, 514, 26, 35, 325, 47, 20, 16, 55, 449, 70, 31, 31, 53, 335, 62, 8, 15, 7, 327, 61, 11, 5, 20, 130, 105, 18, 20, 121,
126, 7, 16, 296, 14, 11, 8, 22, 397, 26, 10, 14, 16, 1228, 542, 443, 276, 187, 880, 257, 160, 77, 91, 792, 637, 418, 299,
384, 508, 155, 85, 1001, 642, 577, 242, 286, 1076, 331, 163, 94, 126, 303, 186, 106, 62, 34, 424, 188, 145, 82, 44, 425,
253, 187, 63, 304, 321, 154, 114, 460, 203, 139, 46, 52, 650, 245, 187, 97, 44, 2408, 1689, 1224, 565, 313, 3037, 1651,
1025, 685, 402, 3560, 2549, 1960, 781, 1854, 2262, 1300, 861, 2834, 2782, 2256, 794, 613, 3919, 3726, 2633, 1410, 641,
146, 213, 94, 50, 44, 355, 151, 80, 36, 49, 1046, 102, 59, 40, 957, 193, 34, 33, 207, 205, 66, 27, 45, 252, 109, 32, 28,
29, 9194, 7520, 4924, 435, 184, 12774, 4676, 2366, 182, 189, 8552, 11339, 6485, 686, 5431, 10286, 2217, 250, 10874, 8320,
5697, 541, 428, 16166, 7749, 2348, 266, 284, 298, 157, 43, 34, 32, 249, 76, 35, 18, 26, 376, 308, 70, 48, 271, 153, 29,
32, 350, 96, 43, 29, 54, 443, 73, 31, 19, 40, 3565, 1783, 379, 139, 176, 4992, 1297, 353, 142, 170, 1968, 1896, 382, 192,
1437, 1950, 255, 172, 3110, 1903, 387, 143, 321, 4314, 1631, 380, 226, 240, 473, 296, 25, 49, 39, 514, 225, 34, 44, 56,
568, 376, 58, 55, 398, 440, 24, 51, 545, 94, 27, 29, 83, 733, 117, 35, 48, 90, 1879, 348, 70, 76, 74, 1648, 285, 72, 84,
70, 758, 451, 88, 111, 729, 481, 71, 84, 1523, 143, 82, 65, 124, 1774, 144, 66, 69, 113, 41990, 13906, 10026, 5607, 7259,
27560, 7557, 5700, 3996, 6776, 10967, 13746, 8559, 6187, 10936, 11529, 5129, 4777, 20906, 10855, 7609, 3526, 8835, 18026,
8334, 4962, 3736, 6206, 44555, 17832, 11786, 3469, 2911, 43501, 12454, 10828, 2216, 2397, 12068, 15714, 9850, 3348, 11599,
17851, 7874, 3149, 24352, 18407, 9628, 2334, 3748, 24596, 16437, 7482, 2157, 2294, 2715, 2298, 1672, 360, 307, 2513, 2002,
1626, 296, 291, 861, 2262, 1363, 420, 1360, 3078, 1409, 468, 2956, 2045, 1033, 214, 479, 3312, 2365, 1095, 326, 374,
10616, 6169, 4171, 844, 787, 11594, 5880, 3401, 826, 794, 3376, 6252, 3870, 979, 4023, 9345, 4466, 1146, 9146, 4601, 2666,
613, 1091, 11863, 6337, 2974, 869, 895, 1345, 1076, 216, 90, 124, 1113, 968, 231, 93, 134, 572, 1112, 234, 113, 641, 1902,
239, 140, 1022, 707, 101, 46, 150, 1236, 985, 138, 112, 152, 650, 589, 73, 70, 78, 991, 558, 89, 48, 79, 334, 608, 100,
88, 390, 946, 105, 104, 1192, 393, 67, 68, 162, 1370, 549, 88, 96, 92, 1026, 676, 83, 86, 125, 1452, 645, 80, 69, 132,
867, 631, 111, 98, 848, 1047, 124, 104, 1412, 528, 61, 80, 176, 1924, 699, 99, 114, 173, 3352, 2398, 232, 237, 361, 4364,
2344, 341, 210, 366, 2160, 2622, 337, 305, 2218, 4295, 383, 318, 4896, 1658, 205, 192, 512, 5500, 2084, 226, 275, 447,
9517, 9315, 3376, 1114, 820, 13630, 9182, 2643, 1116, 897, 7961, 9750, 3013, 1039, 6493, 14506, 3612, 1610, 10827, 8951,
3441, 1132, 1383, 14721, 11494, 3468, 1330, 1087, 13388, 12883, 16830, 3378, 606, 12714, 11377, 13071, 2757, 719, 7642,
12437, 14078, 2295, 5554, 12593, 14086, 3309, 12069, 21642, 22195, 3722, 1065, 13173, 22667, 14948, 2779, 719, 6765, 8790,
3576, 482, 565, 6129, 8321, 2995, 394, 534, 2708, 8524, 3950, 518, 2596, 11691, 3541, 728, 7217, 11216, 1942, 345, 820,
7513, 13528, 1877, 478, 617, 1628, 2163, 1051, 139, 150, 1645, 1747, 1001, 127, 146, 693, 2272, 1134, 157, 677, 2195,
1026, 147, 1487, 2561, 643, 110, 230, 1856, 2730, 592, 102, 148, 3171, 4222, 2845, 306, 404, 3267, 3751, 2577, 268, 395,
1613, 4670, 3193, 392, 1505, 5215, 2782, 387, 3048, 5366, 1847, 260, 626, 3848, 6637, 1664, 323, 451, 2388, 3635, 1444,
149, 174, 1914, 2945, 1594, 146, 170, 1073, 4226, 2053, 186, 850, 3969, 1621, 227, 2414, 4880, 669, 124, 280, 2342, 5318,
625, 179, 176, 835, 1175, 526, 68, 99, 680, 923, 426, 78, 71, 425, 1545, 955, 89, 387, 1334, 635, 93, 845, 1505, 301, 56,
155, 878, 1688, 257, 77, 118, 2698, 5190, 3191, 299, 308, 2952, 5023, 2803, 368, 337, 1851, 5562, 4518, 450, 1678, 6561,
4323, 485, 3926, 7099, 2795, 288, 496, 4946, 9808, 3062, 519, 483, 2158, 1334, 1786, 220, 241, 2501, 1490, 1852, 312, 294,
888, 1775, 2153, 258, 878, 2179, 2092, 368, 2002, 1561, 2094, 179, 430, 3106, 2225, 2470, 258, 382, 295, 280, 458, 76, 55,
307, 269, 460, 74, 76, 342, 326, 500, 78, 332, 417, 473, 95, 323, 271, 680, 54, 112, 370, 326, 711, 67, 94, 521, 466, 221,
77, 66, 763, 441, 177, 55, 71, 778, 539, 275, 69, 1126, 763, 175, 70, 776, 370, 271, 66, 104, 1161, 414, 245, 76, 83, 190,
276, 163, 44, 26, 275, 253, 115, 23, 22, 387, 395, 174, 49, 398, 501, 137, 38, 319, 205, 191, 47, 47, 493, 262, 124, 39,
38, 297, 281, 55, 35, 39, 425, 264, 73, 36, 50, 280, 436, 70, 45, 349, 461, 47, 45, 372, 178, 75, 39, 62, 635, 223, 78,
31, 41, 1008, 2138, 944, 156, 105, 1106, 1426, 923, 124, 91, 1575, 2921, 1356, 229, 1434, 2713, 714, 169, 1433, 1577, 851,
131, 177, 1959, 1597, 450, 112, 117, 967, 1017, 660, 161, 105, 1342, 744, 378, 79, 92, 1664, 1115, 691, 181, 1575, 1291,
433, 144, 1364, 881, 472, 118, 140, 1798, 890, 347, 124, 116, 199, 84, 14, 12, 28, 223, 81, 17, 9, 21, 104, 75, 12, 18,
120, 116, 21, 14, 220, 32, 14, 13, 16, 265, 43, 17, 16, 35, 187, 66, 13, 8, 8, 170, 51, 21, 19, 24, 376, 66, 17, 13, 483,
75, 9, 19, 227, 24, 10, 13, 22, 232, 24, 11, 11, 26, 563, 234, 43, 33, 60, 653, 174, 36, 34, 42, 363, 260, 51, 66, 421,
311, 51, 54, 712, 116, 36, 43, 83, 838, 125, 35, 44, 51, 4577, 3242, 540, 361, 398, 4393, 2563, 582, 281, 399, 2355, 3023,
604, 404, 2020, 4272, 645, 404, 4523, 2218, 389, 238, 621, 4903, 2521, 370, 295, 459, 593, 267, 50, 44, 53, 582, 207, 58,
34, 44, 298, 339, 61, 45, 303, 386, 65, 46, 722, 141, 25, 18, 60, 810, 184, 32, 25, 64, 785, 289, 67, 35, 55, 799, 233,
69, 41, 57, 358, 351, 92, 42, 501, 452, 91, 48, 711, 153, 63, 34, 96, 902, 209, 62, 34, 73, 3355, 2457, 1728, 573, 238,
4405, 2329, 1517, 494, 228, 2656, 2764, 2306, 717, 1738, 3131, 1579, 640, 2839, 3250, 2017, 596, 354, 4914, 4004, 1985,
683, 237, 333, 150, 96, 66, 31, 315, 138, 60, 55, 40, 245, 198, 129, 100, 168, 230, 92, 82, 326, 109, 128, 59, 61, 395,
158, 122, 83, 43, 687, 49, 16, 25, 36, 495, 48, 17, 30, 31, 270, 62, 28, 28, 271, 64, 20, 30, 402, 12, 11, 21, 52, 387,
28, 13, 16, 38)
