N_con <- 2
N_s <- 28
N_b <- 
c(3, 3)
N_t <- 5
N_g <- 50
N_tot <- 1400
raw <- 
c(1992, 1078, 877, 347, 161, 1008, 389, 168, 66, 79, 3003, 1408, 1281, 388, 1551, 543, 227, 72, 2971, 935, 667, 216, 139, 1645,
405, 163, 70, 99, 547, 260, 93, 53, 99, 660, 271, 96, 51, 84, 921, 336, 89, 82, 873, 386, 80, 62, 476, 185, 60, 51, 94, 594, 224, 55,
51, 108, 381, 226, 55, 45, 55, 429, 152, 66, 26, 56, 570, 197, 87, 60, 435, 284, 66, 60, 485, 113, 37, 22, 85, 551, 159, 39, 40, 66,
647, 934, 185, 85, 92, 817, 711, 181, 68, 119, 1103, 1123, 227, 156, 954, 1308, 198, 116, 904, 636, 117, 64, 182, 1195, 679, 128, 95,
135, 889, 603, 78, 40, 51, 926, 372, 80, 44, 51, 819, 773, 107, 62, 903, 800, 72, 47, 874, 249, 42, 31, 82, 1105, 177, 52, 43, 56, 441,
82, 30, 26, 41, 358, 72, 21, 30, 35, 630, 122, 30, 47, 754, 104, 21, 29, 448, 41, 17, 16, 44, 484, 21, 24, 28, 55, 11642, 9188, 3183,
829, 754, 16820, 8177, 2155, 693, 715, 10513, 9256, 2933, 953, 12947, 14778, 2692, 1014, 14443, 9697, 3061, 849, 1273, 20684, 10161,
2234, 985, 1159, 928, 163, 40, 28, 37, 974, 137, 61, 51, 37, 1299, 198, 49, 58, 1394, 247, 47, 39, 749, 70, 32, 23, 66, 1027, 80, 32,
34, 65, 798, 844, 789, 358, 218, 796, 1096, 1301, 620, 376, 124, 690, 594, 291, 269, 1737, 1300, 964, 762, 456, 424, 171, 276, 648,
682, 659, 384, 284, 16, 6, 1, 6, 1, 15, 2, 2, 5, 3, 21, 7, 1, 3, 13, 9, 1, 2, 23, 3, 1, 2, 3, 33, 4, 1, 3, 3, 21, 3, 0, 2, 4, 18, 1, 1,
1, 2, 14, 6, 3, 0, 27, 8, 3, 1, 25, 2, 1, 0, 0, 32, 0, 0, 1, 1, 21056, 24524, 6816, 2229, 1967, 27503, 29338, 9092, 2040, 2128, 45813,
32919, 7380, 3206, 43475, 53487, 7978, 3618, 36896, 16985, 4333, 2051, 3253, 33440, 17812, 4009, 2365, 2279, 1633, 3363, 448, 231, 217,
2365, 3802, 481, 202, 245, 3844, 3688, 596, 325, 3173, 6181, 698, 327, 3733, 2571, 282, 199, 354, 3700, 3204, 336, 274, 328, 57, 67, 6,
6, 2, 61, 101, 6, 8, 13, 49, 86, 15, 5, 78, 132, 10, 8, 121, 39, 5, 3, 14, 142, 79, 9, 3, 9, 11, 12, 6, 8, 2, 13, 7, 23, 11, 13, 7, 16,
4, 10, 13, 12, 5, 4, 16, 18, 2, 3, 4, 16, 9, 3, 4, 2, 5, 14, 1, 0, 0, 10, 8, 3, 2, 0, 7, 10, 5, 3, 2, 12, 4, 0, 18, 11, 1, 1, 0, 14, 6,
0, 2, 1, 6, 5, 2, 3, 3, 6, 5, 2, 2, 1, 5, 1, 1, 1, 7, 8, 0, 2, 8, 3, 1, 3, 0, 10, 4, 0, 0, 2, 94, 50, 22, 14, 27, 71, 25, 14, 15, 19,
137, 59, 33, 28, 160, 50, 18, 25, 107, 21, 19, 27, 39, 122, 27, 24, 36, 27, 75, 77, 13, 18, 22, 98, 55, 11, 14, 16, 92, 126, 29, 26,
104, 102, 23, 18, 93, 35, 11, 20, 47, 131, 34, 16, 17, 38, 68, 18, 6, 5, 6, 36, 12, 0, 1, 4, 19, 18, 4, 5, 33, 23, 4, 3, 66, 4, 2, 3,
3, 42, 7, 0, 3, 4, 45, 38, 25, 10, 16, 31, 36, 18, 6, 9, 57, 56, 35, 20, 31, 75, 20, 16, 48, 40, 23, 13, 30, 81, 48, 30, 10, 12, 9, 10,
4, 6, 2, 4, 4, 2, 4, 2, 6, 5, 4, 6, 7, 7, 4, 4, 6, 1, 1, 3, 8, 7, 4, 2, 2, 5, 53, 27, 4, 8, 9, 42, 40, 9, 3, 10, 35, 63, 8, 9, 45, 67,
7, 8, 55, 12, 5, 5, 11, 97, 30, 5, 11, 12, 27, 29, 1, 8, 18, 25, 34, 5, 6, 5, 65, 49, 14, 8, 84, 58, 4, 7, 43, 17, 3, 3, 17, 43, 19, 7,
9, 3, 16, 21, 2, 3, 6, 14, 10, 4, 2, 5, 11, 24, 4, 2, 32, 31, 3, 4, 12, 9, 1, 2, 6, 35, 11, 1, 4, 8, 9, 12, 0, 5, 3, 7, 8, 1, 4, 1, 11,
14, 2, 1, 23, 23, 1, 1, 12, 3, 3, 2, 5, 18, 13, 0, 4, 8, 18, 17, 2, 4, 10, 19, 23, 7, 1, 7, 15, 39, 8, 4, 26, 50, 4, 7, 21, 12, 3, 0,
17, 26, 15, 5, 7, 14, 33, 79, 42, 15, 11, 42, 63, 28, 17, 13, 40, 86, 53, 17, 44, 143, 38, 17, 47, 53, 19, 8, 25, 79, 62, 22, 17, 15,
39, 104, 25, 6, 5, 44, 69, 8, 9, 2, 34, 82, 44, 12, 30, 120, 25, 6, 51, 60, 11, 4, 7, 76, 82, 9, 7, 8, 0, 3, 1, 1, 0, 5, 3, 4, 0, 0, 7,
10, 0, 1, 4, 2, 1, 2, 3, 3, 2, 0, 3, 4, 2, 0, 2, 1, 24, 4, 6, 8, 4, 32, 4, 7, 6, 6, 11, 14, 8, 4, 27, 16, 3, 4, 36, 3, 3, 1, 2, 40, 5,
2, 4, 2, 15, 14, 5, 1, 1, 14, 18, 5, 4, 2, 6, 17, 4, 0, 13, 29, 7, 0, 26, 9, 9, 3, 1, 43, 11, 3, 2, 1, 66, 46, 28, 26, 9, 35, 24, 12,
7, 5, 79, 54, 32, 29, 47, 43, 12, 14, 106, 54, 51, 25, 22, 87, 21, 14, 15, 10, 124, 63, 25, 13, 21, 136, 40, 20, 14, 13, 110, 71, 43,
19, 114, 61, 29, 13, 151, 34, 36, 10, 28, 170, 35, 16, 16, 16, 7, 2, 0, 1, 4, 5, 3, 0, 3, 3, 4, 3, 0, 1, 9, 2, 0, 2, 14, 2, 1, 1, 4,
12, 0, 0, 0, 3, 186, 212, 150, 67, 31, 270, 160, 128, 58, 30, 272, 274, 210, 68, 182, 279, 133, 61, 280, 278, 216, 78, 57, 402, 295,
170, 76, 41, 67, 31, 12, 5, 10, 87, 21, 5, 8, 9, 97, 28, 6, 7, 113, 35, 12, 10, 80, 10, 5, 7, 15, 94, 9, 5, 4, 9, 47, 45, 1, 8, 12, 46,
33, 5, 8, 8, 39, 57, 11, 10, 51, 66, 5, 4, 65, 14, 5, 2, 7, 52, 7, 5, 8, 10, 281, 236, 63, 54, 43, 202, 139, 41, 35, 40, 333, 334, 101,
73, 230, 230, 25, 37, 348, 136, 65, 48, 62, 366, 105, 27, 24, 62, 1163, 960, 593, 193, 219, 1716, 950, 569, 168, 223, 1408, 1251, 685,
284, 980, 1453, 655, 294, 1386, 999, 558, 139, 282, 2534, 1418, 667, 231, 288, 1009, 1411, 533, 127, 126, 1320, 922, 308, 62, 116,
1327, 1826, 669, 161, 758, 1264, 384, 98, 1284, 1133, 379, 85, 158, 1839, 1089, 308, 81, 149, 176, 220, 191, 74, 37, 263, 199, 239,
111, 73, 423, 331, 365, 136, 292, 356, 325, 212, 216, 250, 208, 77, 57, 460, 457, 332, 120, 54, 43, 33, 39, 27, 3, 72, 59, 49, 34, 17,
43, 76, 55, 30, 45, 96, 74, 57, 53, 36, 25, 9, 11, 135, 79, 52, 19, 11, 22592, 11933, 3175, 2167, 1532, 12151, 8049, 3237, 1501, 1080,
2621, 10369, 3347, 2037, 2708, 12266, 2390, 2168, 15196, 5347, 1984, 1218, 1595, 9429, 4636, 1161, 917, 922, 14, 9, 1, 2, 2, 11, 5, 0,
0, 0, 3, 14, 0, 0, 10, 8, 0, 4, 29, 2, 0, 1, 0, 18, 1, 0, 0, 3, 920, 382, 96, 55, 89, 1156, 392, 99, 62, 91, 517, 381, 101, 90, 559,
631, 112, 118, 1309, 252, 80, 77, 163, 1602, 292, 116, 73, 110, 4498, 3759, 968, 429, 564, 6640, 4044, 1770, 391, 658, 5308, 3773, 992,
529, 4698, 7495, 1714, 604, 6406, 3437, 847, 363, 910, 8803, 4894, 1348, 554, 820, 1079, 864, 313, 126, 149, 1293, 873, 580, 221, 236,
1358, 975, 353, 154, 1358, 1506, 391, 224, 1267, 797, 272, 122, 273, 1718, 1081, 322, 146, 261, 565, 946, 256, 58, 69, 701, 1078, 452,
43, 92, 543, 1143, 369, 64, 752, 1639, 496, 124, 778, 1097, 163, 51, 110, 1007, 1436, 239, 51, 93, 1170, 3441, 1110, 159, 182, 1481,
4270, 1316, 158, 176, 1157, 4002, 1474, 143, 1333, 6267, 1846, 222, 1666, 4078, 585, 102, 279, 2142, 6115, 833, 195, 245)
